A2	A1	A0	B2	B1	B0	S1	S0
0	0	0	0	0	0	0	1
0	0	0	0	0	1	0	0
0	0	0	0	1	0	0	0
0	0	0	0	1	1	0	0
0	0	0	1	0	0	0	0
0	0	0	1	0	1	0	0
0	0	0	1	1	0	0	0
0	0	0	1	1	1	0	0
0	0	1	0	0	0	1	0
0	0	1	0	0	1	0	1
0	0	1	0	1	0	0	0
0	0	1	0	1	1	0	0
0	0	1	1	0	0	0	0
0	0	1	1	0	1	0	0
0	0	1	1	1	0	0	0
0	0	1	1	1	1	0	0
0	1	0	0	0	0	1	0
0	1	0	0	0	1	1	0
0	1	0	0	1	0	0	1
0	1	0	0	1	1	0	0
0	1	0	1	0	0	0	0
0	1	0	1	0	1	0	0
0	1	0	1	1	0	0	0
0	1	0	1	1	1	0	0
0	1	1	0	0	0	1	0
0	1	1	0	0	1	1	0
0	1	1	0	1	0	1	0
0	1	1	0	1	1	0	1
0	1	1	1	0	0	0	0
0	1	1	1	0	1	0	0
0	1	1	1	1	0	0	0
0	1	1	1	1	1	0	0
1	0	0	0	0	0	1	0
1	0	0	0	0	1	1	0
1	0	0	0	1	0	1	0
1	0	0	0	1	1	1	0
1	0	0	1	0	0	0	1
1	0	0	1	0	1	0	0
1	0	0	1	1	0	0	0
1	0	0	1	1	1	0	0
1	0	1	0	0	0	1	0
1	0	1	0	0	1	1	0
1	0	1	0	1	0	1	0
1	0	1	0	1	1	1	0
1	0	1	1	0	0	1	0
1	0	1	1	0	1	0	1
1	0	1	1	1	0	0	0
1	0	1	1	1	1	0	0
1	1	0	0	0	0	1	0
1	1	0	0	0	1	1	0
1	1	0	0	1	0	1	0
1	1	0	0	1	1	1	0
1	1	0	1	0	0	1	0
1	1	0	1	0	1	1	0
1	1	0	1	1	0	0	1
1	1	0	1	1	1	0	0
1	1	1	0	0	0	1	0
1	1	1	0	0	1	1	0
1	1	1	0	1	0	1	0
1	1	1	0	1	1	1	0
1	1	1	1	0	0	1	0
1	1	1	1	0	1	1	0
1	1	1	1	1	0	1	0
1	1	1	1	1	1	0	1